%USM00072583 1993 01 14 00 2309  143 ncdc6301 ncdc6301  409019 -1178072
21     0  85919B 1311    -8B  790    32    70    50 
20     6  85589  1342B   -9B  575    73    79    57 
10    18  85000  1397B   -9B  684    50    95    72 
20   100  82700  1616B  -25B  865    18   159   123 
20   124  81500  1732B    0B  825    26   164   123 
20   200  80000  1882B   13B  739    40   171   129 
20   254  77620  2124B    1B  804    30   191   149 
20   336  75620  2334B   -6B  893    16   205   165 
20   412  74009  2506B   -9B  874    18   216   180 
10   548  70000  2949B  -36B  890    16   231   231 
20   854  62229  3870B  -90B  890    15   246   237 
20   906  61789  3925B  -88B  903    13   247   237 
20  1124  57050  4540B -123B  860    18   248   221 
10  1448  50000  5536B -188B  790    27   248   129 
20  1706  45200  6280B -245B  845    18   234    72 
10  1948  40000  7158B -317B  770    26   224    77 
20  2148  36510  7796B -371B  780    24   224   113 
20  2242  34950  8097B -397B  665    37   226   123 
20  2342  33210  8443B -431B-9999 -9999   224   144 
10  2624  30000  9118B -497B-9999 -9999   221   149 
20  2912  26289  9967B -576B-9999 -9999   233   180 
20  2942  25700 10110B -587B-9999 -9999   232   185 
10  3018  25000 10284B -586B-9999 -9999   233   185 
20  3136  23589 10647B -602B-9999 -9999   245   165 
20  3206  23109 10776B -569B-9999 -9999   251   154 
20  3248  22489 10949B -562B-9999 -9999   255   144 
20  3324  21950 11104B -536B-9999 -9999   254   154 
20  3406  21339 11286B -532B-9999 -9999   252   165 
20  3442  20809 11448B -520B-9999 -9999   251   159 
10  3536  20000 11705B -531B-9999 -9999   250   144 
20  3654  18919 12064B -514B-9999 -9999   253   134 
20  3724  18509 12206B -516B-9999 -9999   255   134 
20  3812  17859 12439B -499B-9999 -9999   258   134 
20  3900  17289 12651B -492B-9999 -9999   257   144 
10  4218  15000 13580B -507B-9999 -9999   257   129 
20  4242  14730 13698B -507B-9999 -9999   256   123 
20  4330  14230 13924B -491B-9999 -9999   252   118 
20  4418  13730 14158B -494B-9999 -9999   250   113 
20  4748  11729 15180B -537B-9999 -9999   272   108 
20  5042  10339 15988B -552B-9999 -9999   266    98 
10  5124  10000 16200B -567B-9999 -9999   263   103 
20  5230   9500 16525B -576B-9999 -9999   260   108 
20  5348   8929 16916B -567B-9999 -9999   263   103 
20  5518   8319 17364B -580B-9999 -9999   266    93 
20  5624   7909 17683B -562B-9999 -9999   269    77 
20  5806   7279 18207B -591B-9999 -9999   274    57 
10  5854   7000 18453B -589B-9999 -9999   270    50 
20  6006   6609 18812B -597B-9999 -9999   272    57 
20  6124   6209 19204B -577B-9999 -9999   268    45 
10  6542   5000 20564B -602B-9999 -9999   244    31 
10  7506   3000 23777B -566B-9999 -9999     6    10 
20  8000   2239 25632B -562B-9999 -9999    33    36 
10  8148   2000 26355B -542B-9999 -9999    33    10 
20  8306   1839 26890B -541B-9999 -9999    21    10 
20  8400   1729 27288B -516B-9999 -9999    17    21 
20  8836   1309 29093B -517B-9999 -9999    23    72 
20  9124   1109 30175B -485B-9999 -9999 -9999 -9999 
30   300  -9999  2154 -9999 -9999 -9999   193   149 
30   400  -9999  2449 -9999 -9999 -9999   213   175 
30   500  -9999  2728 -9999 -9999 -9999   226   201 
30   600  -9999  3008 -9999 -9999 -9999   232   237 
30   700  -9999  3306 -9999 -9999 -9999   234   247 
30   800  -9999  3603 -9999 -9999 -9999   240   242 
30   900  -9999  3898 -9999 -9999 -9999   247   237 
30  1000  -9999  4166 -9999 -9999 -9999   249   226 
30  1100  -9999  4433 -9999 -9999 -9999   248   226 
30  1200  -9999  4716 -9999 -9999 -9999   249   216 
30  1300  -9999  5009 -9999 -9999 -9999   250   180 
30  1400  -9999  5302 -9999 -9999 -9999   250   149 
30  1500  -9999  5601 -9999 -9999 -9999   248   123 
30  1600  -9999  5924 -9999 -9999 -9999   243    93 
30  1700  -9999  6248 -9999 -9999 -9999   234    72 
30  1800  -9999  6573 -9999 -9999 -9999   231    77 
30  1900  -9999  6898 -9999 -9999 -9999   229    67 
30  2000  -9999  7222 -9999 -9999 -9999   223    77 
30  2100  -9999  7541 -9999 -9999 -9999   222    98 
30  2200  -9999  7863 -9999 -9999 -9999   225   118 
30  2300  -9999  8201 -9999 -9999 -9999   226   129 
30  2400  -9999  8518 -9999 -9999 -9999   223   149 
30  2500  -9999  8768 -9999 -9999 -9999   219   154 
30  2600  -9999  9018 -9999 -9999 -9999   219   144 
30  2700  -9999  9300 -9999 -9999 -9999   225   154 
30  2800  -9999  9603 -9999 -9999 -9999   230   170 
30  2900  -9999  9906 -9999 -9999 -9999   233   180 
30  3000  -9999 10197 -9999 -9999 -9999   232   185 
30  3100  -9999 10479 -9999 -9999 -9999   236   185 
30  3200  -9999 10750 -9999 -9999 -9999   250   154 
30  3300  -9999 11001 -9999 -9999 -9999   256   144 
30  3400  -9999 11260 -9999 -9999 -9999   252   165 
30  3500  -9999 11534 -9999 -9999 -9999   251   154 
30  3600  -9999 11815 -9999 -9999 -9999   250   139 
30  3700  -9999 12092 -9999 -9999 -9999   253   134 
30  3800  -9999 12381 -9999 -9999 -9999   258   134 
30  4000  -9999 12933 -9999 -9999 -9999   257   139 
30  4100  -9999 13214 -9999 -9999 -9999   259   134 
30  4200  -9999 13496 -9999 -9999 -9999   258   134 
30  4300  -9999 13783 -9999 -9999 -9999   255   118 
30  4400  -9999 14070 -9999 -9999 -9999   249   113 
30  4500  -9999 14362 -9999 -9999 -9999   252   113 
30  4600  -9999 14654 -9999 -9999 -9999   257   118 
30  4700  -9999 14946 -9999 -9999 -9999   267   118 
30  4800  -9999 15236 -9999 -9999 -9999   273   108 
30  4900  -9999 15514 -9999 -9999 -9999   272    98 
30  5000  -9999 15793 -9999 -9999 -9999   268   103 
30  5100  -9999 16079 -9999 -9999 -9999   265    98 
30  5200  -9999 16377 -9999 -9999 -9999   259   108 
30  5300  -9999 16675 -9999 -9999 -9999   262   108 
30  5400  -9999 16976 -9999 -9999 -9999   263   103 
30  5500  -9999 17274 -9999 -9999 -9999   264    98 
30  5600  -9999 17567 -9999 -9999 -9999   269    81 
30  5700  -9999 17868 -9999 -9999 -9999   269    72 
30  5800  -9999 18176 -9999 -9999 -9999   275    57 
30  5900  -9999 18483 -9999 -9999 -9999   269    50 
30  6000  -9999 18782 -9999 -9999 -9999   272    57 
30  6100  -9999 19083 -9999 -9999 -9999   273    45 
30  6200  -9999 19394 -9999 -9999 -9999   260    40 
30  6300  -9999 19710 -9999 -9999 -9999   265    26 
30  6400  -9999 20026 -9999 -9999 -9999   226    21 
30  6500  -9999 20343 -9999 -9999 -9999   222    31 
30  6600  -9999 20667 -9999 -9999 -9999   254    31 
30  6700  -9999 21008 -9999 -9999 -9999   283    21 
30  6800  -9999 21350 -9999 -9999 -9999   309    21 
30  6900  -9999 21692 -9999 -9999 -9999   358    31 
30  7000  -9999 22034 -9999 -9999 -9999    12    26 
30  7100  -9999 22376 -9999 -9999 -9999   325    15 
30  7200  -9999 22717 -9999 -9999 -9999   306     5 
30  7300  -9999 23059 -9999 -9999 -9999   306     5 
30  7400  -9999 23401 -9999 -9999 -9999    70     5 
30  7500  -9999 23743 -9999 -9999 -9999     6    10 
30  7600  -9999 24118 -9999 -9999 -9999     7    31 
30  7700  -9999 24496 -9999 -9999 -9999    15    40 
30  7800  -9999 24875 -9999 -9999 -9999    18    45 
30  7900  -9999 25253 -9999 -9999 -9999    31    45 
30  8100  -9999 26034 -9999 -9999 -9999    22    21 
30  8200  -9999 26437 -9999 -9999 -9999    36    10 
30  8300  -9999 26849 -9999 -9999 -9999    21    10 
30  8500  -9999 27680 -9999 -9999 -9999    21    31 
30  8600  -9999 28073 -9999 -9999 -9999    14    50 
30  8700  -9999 28465 -9999 -9999 -9999    12    72 
30  8800  -9999 28858 -9999 -9999 -9999    21    81 
30  8900  -9999 29248 -9999 -9999 -9999    25    67 
30  9000  -9999 29634 -9999 -9999 -9999    34    62 
30  9100  -9999 30020 -9999 -9999 -9999    53    45 
%USM00072583 1993 01 14 12 1116  144 ncdc6301 ncdc6301  409019 -1178072
21     0  85729B 1311   -37B  800    29   100    40 
20     6  85400  1342B   -1B  812    27   106    45 
10    12  85000  1379B    8B  790    32   114    50 
20    36  83750  1498B    5B  760    37   138    72 
20    48  83089  1562B   13B  758    37   151    81 
20   106  82169  1652B   13B  725    44   163    93 
20   130  80979  1770B   24B  678    53   164   103 
20   154  80000  1868B   22B  650    59   164   108 
20   230  78200  2052B   24B  611    67   168   118 
20   342  74839  2406B    0B  667    54   177   139 
10   530  70000  2939B  -31B  774    34   183   154 
20   600  68470  3113B  -43B  758    36   186   144 
20   642  66600  3331B  -62B  870    18   187   134 
20   824  62120  3873B  -95B  742    37   183   118 
20   954  58300  4360B -140B  900    13   194   118 
20  1024  57079  4520B -149B  902    13   199   113 
20  1042  56420  4608B -143B  903    13   202   113 
20  1130  54809  4827B -161B  788    27   199   103 
20  1236  52579  5139B -185B  758    32   186   108 
20  1306  51620  5276B -192B  636    50   182   118 
10  1354  50000  5513B -213B  668    45   186   144 
20  1412  49429  5597B -221B  664    45   189   144 
20  1430  48859  5682B -223B  452    86   194   144 
20  1518  47319  5917B -233B  382   104   208   149 
20  1700  43969  6450B -280B  392    96   224   134 
20  1736  42809  6642B -282B  344   109   223   113 
10  1906  40000  7125B -317B  336   108   241    62 
20  2154  35289  7996B -400B  355    94   262    45 
20  2300  33600  8329B -430B-9999 -9999   256    40 
20  2430  31460  8769B -469B-9999 -9999   223    45 
10  2542  30000  9082B -492B-9999 -9999   213    67 
20  2806  26960  9774B -552B-9999 -9999   213    81 
10  2942  25000 10253B -572B-9999 -9999   225    86 
20  3054  23439 10659B -590B-9999 -9999   254   144 
20  3106  23229 10716B -587B-9999 -9999   257   149 
20  3130  22829 10825B -555B-9999 -9999   259   144 
20  3200  22379 10953B -540B-9999 -9999   261   144 
10  3442  20000 11677B -522B-9999 -9999   255   154 
20  3542  19189 11946B -506B-9999 -9999   259   139 
20  3730  17800 12435B -515B-9999 -9999   256   134 
20  3948  16139 13073B -497B-9999 -9999   257   139 
10  4130  15000 13552B -502B-9999 -9999   262   123 
20  4206  14600 13728B -507B-9999 -9999   267   118 
20  4312  13939 14030B -496B-9999 -9999   275   103 
20  4406  13419 14278B -510B-9999 -9999   265    98 
20  4500  12909 14531B -505B-9999 -9999   263    98 
20  4542  12519 14731B -512B-9999 -9999   262   103 
20  4624  12129 14936B -511B-9999 -9999   262   103 
20  4712  11700 15170B -524B-9999 -9999   264   103 
20  4830  11089 15516B -527B-9999 -9999   270    93 
10  5054  10000 16180B -554B-9999 -9999   271    86 
20  5230   9290 16650B -552B-9999 -9999   268    72 
20  5454   8250 17401B -591B-9999 -9999   250    77 
20  5712   7390 18091B -592B-9999 -9999   267   113 
20  5754   7150 18298B -585B-9999 -9999   278   108 
10  5824   7000 18432B -589B-9999 -9999   285   103 
10  6512   5000 20538B -600B-9999 -9999    13     5 
20  7012   3900 22086B -607B-9999 -9999   322    50 
10  7500   3000 23735B -562B-9999 -9999   353    31 
10  8200   2000 26309B -566B-9999 -9999   353    36 
20  8436   1689 27382B -550B-9999 -9999   341    45 
20  8554   1519 28057B -561B-9999 -9999   353    67 
20  8900   1259 29258B -534B-9999 -9999 -9999 -9999 
30   100  -9999  1622 -9999 -9999 -9999   163    93 
30   200  -9999  1899 -9999 -9999 -9999   164   108 
30   300  -9999  2200 -9999 -9999 -9999   172   123 
30   400  -9999  2495 -9999 -9999 -9999   179   144 
30   500  -9999  2791 -9999 -9999 -9999   180   159 
30   700  -9999  3427 -9999 -9999 -9999   187   129 
30   800  -9999  3745 -9999 -9999 -9999   183   118 
30   900  -9999  4068 -9999 -9999 -9999   184   118 
30  1000  -9999  4392 -9999 -9999 -9999   195   118 
30  1100  -9999  4690 -9999 -9999 -9999   204   108 
30  1200  -9999  4969 -9999 -9999 -9999   193    98 
30  1300  -9999  5249 -9999 -9999 -9999   182   118 
30  1400  -9999  5541 -9999 -9999 -9999   186   144 
30  1500  -9999  5829 -9999 -9999 -9999   203   149 
30  1600  -9999  6136 -9999 -9999 -9999   222   144 
30  1800  -9999  6771 -9999 -9999 -9999   222    98 
30  1900  -9999  7093 -9999 -9999 -9999   240    62 
30  2000  -9999  7405 -9999 -9999 -9999   250    57 
30  2100  -9999  7716 -9999 -9999 -9999   250    57 
30  2200  -9999  8026 -9999 -9999 -9999   263    45 
30  2400  -9999  8622 -9999 -9999 -9999   232    36 
30  2500  -9999  8899 -9999 -9999 -9999   215    50 
30  2600  -9999  9169 -9999 -9999 -9999   212    72 
30  2700  -9999  9457 -9999 -9999 -9999   218    77 
30  2800  -9999  9745 -9999 -9999 -9999   214    81 
30  2900  -9999 10043 -9999 -9999 -9999   206    72 
30  3000  -9999 10354 -9999 -9999 -9999   234    93 
30  3100  -9999 10688 -9999 -9999 -9999   256   149 
30  3300  -9999 11221 -9999 -9999 -9999   256   129 
30  3400  -9999 11489 -9999 -9999 -9999   254   154 
30  3500  -9999 11758 -9999 -9999 -9999   256   154 
30  3600  -9999 12027 -9999 -9999 -9999   260   134 
30  3700  -9999 12299 -9999 -9999 -9999   257   129 
30  3800  -9999 12574 -9999 -9999 -9999   255   139 
30  3900  -9999 12851 -9999 -9999 -9999   258   139 
30  4000  -9999 13129 -9999 -9999 -9999   257   139 
30  4100  -9999 13411 -9999 -9999 -9999   259   123 
30  4200  -9999 13699 -9999 -9999 -9999   266   118 
30  4300  -9999 13975 -9999 -9999 -9999   277   103 
30  4400  -9999 14250 -9999 -9999 -9999   265    98 
30  4600  -9999 14819 -9999 -9999 -9999   261   103 
30  4700  -9999 15112 -9999 -9999 -9999   263   103 
30  4800  -9999 15383 -9999 -9999 -9999   269    93 
30  4900  -9999 15654 -9999 -9999 -9999   272    86 
30  5000  -9999 15931 -9999 -9999 -9999   268    86 
30  5100  -9999 16209 -9999 -9999 -9999   271    86 
30  5200  -9999 16503 -9999 -9999 -9999   273    77 
30  5300  -9999 16806 -9999 -9999 -9999   262    67 
30  5400  -9999 17119 -9999 -9999 -9999   255    57 
30  5500  -9999 17431 -9999 -9999 -9999   249    77 
30  5600  -9999 17731 -9999 -9999 -9999   254    98 
30  5700  -9999 18031 -9999 -9999 -9999   264   113 
30  5800  -9999 18325 -9999 -9999 -9999   279   108 
30  5900  -9999 18618 -9999 -9999 -9999   295    93 
30  6000  -9999 18928 -9999 -9999 -9999   306    81 
30  6100  -9999 19237 -9999 -9999 -9999   314    77 
30  6200  -9999 19547 -9999 -9999 -9999   317    67 
30  6300  -9999 19857 -9999 -9999 -9999   313    50 
30  6400  -9999 20166 -9999 -9999 -9999   314    26 
30  6500  -9999 20476 -9999 -9999 -9999   338     5 
30  6600  -9999 20786 -9999 -9999 -9999   155     5 
30  6700  -9999 21095 -9999 -9999 -9999   201     5 
30  6800  -9999 21405 -9999 -9999 -9999   313    21 
30  6900  -9999 21714 -9999 -9999 -9999   315    36 
30  7000  -9999 22024 -9999 -9999 -9999   319    50 
30  7100  -9999 22361 -9999 -9999 -9999   334    50 
30  7200  -9999 22704 -9999 -9999 -9999   339    36 
30  7300  -9999 23048 -9999 -9999 -9999   345    36 
30  7400  -9999 23391 -9999 -9999 -9999   353    36 
30  7600  -9999 24103 -9999 -9999 -9999   360    40 
30  7700  -9999 24470 -9999 -9999 -9999   360    40 
30  7800  -9999 24838 -9999 -9999 -9999     1    50 
30  7900  -9999 25206 -9999 -9999 -9999     2    57 
30  8000  -9999 25574 -9999 -9999 -9999     2    50 
30  8100  -9999 25941 -9999 -9999 -9999     2    40 
30  8300  -9999 26722 -9999 -9999 -9999   350    36 
30  8400  -9999 27134 -9999 -9999 -9999   336    40 
30  8500  -9999 27590 -9999 -9999 -9999   346    50 
30  8600  -9999 28096 -9999 -9999 -9999   354    67 
30  8700  -9999 28483 -9999 -9999 -9999   354    72 
30  8800  -9999 28871 -9999 -9999 -9999     1    81 
%USM00072583 1993 01 15 00 2302  150 ncdc6301 ncdc6301  409019 -1178072
21     0  86189B 1311 -9999 -8888 -8888   200    36 
20     6  85919  1337B   47B  627    65   203    40 
10    24  85000  1425B   54B  622    65   214    62 
20   224  80000  1917B   17B  677    53   254    98 
20   312  78229  2097B    1B  705    47   256   103 
20   418  75850  2344B  -20B  780    32   250   118 
20   506  74070  2532B  -34B  717    44   243   129 
20   600  71929  2764B  -52B  904    13   232   129 
10   648  70000  2977B  -68B  905    13   228   139 
20   806  66420  3385B  -99B  825    24   231   185 
20   824  65489  3493B -101B  589    65   233   190 
20   842  64539  3606B -111B  520    79   235   201 
20   900  63579  3721B -111B  362   121   238   211 
20   948  61129  4023B -111B  278   151   244   206 
20  1354  53400  5047B -182B  286   139   249   165 
10  1554  50000  5535B -213B  391   103   240   154 
20  1706  47909  5849B -238B  337   116   240   180 
20  1748  46679  6038B -251B  417    93   238   190 
20  1918  44019  6462B -282B  340   110   235   185 
10  2130  40000  7141B -337B  325   108   231   201 
20  2412  35700  7928B -399B  367    91   224   221 
10  2818  30000  9091B -501B-9999 -9999   214   201 
20  3006  27989  9540B -536B-9999 -9999   218   206 
20  3118  26929  9788B -547B-9999 -9999   234   211 
20  3300  25800 10063B -530B-9999 -9999   254   154 
10  3354  25000 10266B -535B-9999 -9999   252   118 
20  3606  22750 10869B -566B-9999 -9999   244   165 
20  3630  22389 10970B -565B-9999 -9999   246   175 
20  3736  21489 11232B -542B-9999 -9999   251   195 
20  3754  21269 11298B -542B-9999 -9999   253   206 
20  3806  21119 11343B -531B-9999 -9999   254   206 
20  3830  20779 11448B -530B-9999 -9999   257   211 
10  3924  20000 11696B -512B-9999 -9999   264   221 
20  3942  19689 11797B -506B-9999 -9999   266   216 
20  4006  19350 11911B -511B-9999 -9999   268   216 
20  4130  18219 12303B -502B-9999 -9999   267   185 
20  4224  17509 12562B -507B-9999 -9999   265   159 
20  4400  16239 13050B -531B-9999 -9999   254   139 
20  4436  15789 13231B -526B-9999 -9999   260   144 
20  4518  15319 13427B -510B-9999 -9999   268   144 
10  4548  15000 13564B -512B-9999 -9999   275   144 
20  4736  13950 14036B -512B-9999 -9999   283   118 
20  4824  13430 14282B -521B-9999 -9999   281   108 
20  4912  12919 14534B -505B-9999 -9999   279   103 
20  5100  11929 15052B -524B-9999 -9999   277   103 
20  5248  11089 15524B -522B-9999 -9999   277   118 
10  5500  10000 16190B -547B-9999 -9999   277   103 
20  5548   9600 16450B -562B-9999 -9999   276    98 
20  5630   9279 16665B -562B-9999 -9999   275   103 
20  5706   9050 16824B -571B-9999 -9999   275   103 
20  5748   8779 17016B -566B-9999 -9999   275    98 
20  5830   8500 17221B -576B-9999 -9999   273    93 
20  5918   8159 17480B -567B-9999 -9999   269    81 
20  6030   7700 17847B -574B-9999 -9999   260    72 
20  6136   7309 18174B -591B-9999 -9999   258    67 
10  6230   7000 18447B -580B-9999 -9999   260    67 
20  6454   6200 19206B -609B-9999 -9999   282    72 
20  6754   5319 20162B -589B-9999 -9999   297    57 
10  6906   5000 20551B -601B-9999 -9999   300    50 
20  7124   4459 21267B -582B-9999 -9999   293    40 
20  7536   3500 22792B -585B-9999 -9999   306    31 
10  7824   3000 23766B -566B-9999 -9999   336    50 
20  8048   2589 24701B -552B-9999 -9999   340    45 
20  8236   2319 25401B -570B-9999 -9999   309    26 
10  8448   2000 26342B -562B-9999 -9999   321    31 
20  8624   1829 26905B -577B-9999 -9999   332    45 
20  8942   1479 28260B -526B-9999 -9999 -9999 -9999 
30   100  -9999  1573 -9999 -9999 -9999   232    93 
30   200  -9999  1819 -9999 -9999 -9999   252    93 
30   300  -9999  2052 -9999 -9999 -9999   257   103 
30   400  -9999  2277 -9999 -9999 -9999   252   113 
30   500  -9999  2509 -9999 -9999 -9999   244   129 
30   700  -9999  3040 -9999 -9999 -9999   227   144 
30   800  -9999  3354 -9999 -9999 -9999   230   180 
30  1000  -9999  4073 -9999 -9999 -9999   245   206 
30  1100  -9999  4323 -9999 -9999 -9999   249   185 
30  1200  -9999  4572 -9999 -9999 -9999   248   175 
30  1300  -9999  4822 -9999 -9999 -9999   248   170 
30  1400  -9999  5071 -9999 -9999 -9999   249   165 
30  1500  -9999  5315 -9999 -9999 -9999   243   154 
30  1600  -9999  5561 -9999 -9999 -9999   240   154 
30  1700  -9999  5823 -9999 -9999 -9999   240   180 
30  1800  -9999  6095 -9999 -9999 -9999   237   190 
30  1900  -9999  6377 -9999 -9999 -9999   235   185 
30  2000  -9999  6678 -9999 -9999 -9999   235   190 
30  2100  -9999  6987 -9999 -9999 -9999   233   195 
30  2200  -9999  7287 -9999 -9999 -9999   229   206 
30  2300  -9999  7578 -9999 -9999 -9999   225   221 
30  2400  -9999  7870 -9999 -9999 -9999   224   221 
30  2500  -9999  8155 -9999 -9999 -9999   224   216 
30  2600  -9999  8439 -9999 -9999 -9999   221   206 
30  2700  -9999  8722 -9999 -9999 -9999   218   201 
30  2800  -9999  9006 -9999 -9999 -9999   215   201 
30  2900  -9999  9266 -9999 -9999 -9999   211   201 
30  3000  -9999  9515 -9999 -9999 -9999   217   206 
30  3100  -9999  9726 -9999 -9999 -9999   229   221 
30  3200  -9999  9901 -9999 -9999 -9999   242   195 
30  3400  -9999 10293 -9999 -9999 -9999   252   113 
30  3500  -9999 10567 -9999 -9999 -9999   241   118 
30  3600  -9999 10842 -9999 -9999 -9999   243   159 
30  3700  -9999 11089 -9999 -9999 -9999   249   185 
30  3800  -9999 11321 -9999 -9999 -9999   253   206 
30  3900  -9999 11586 -9999 -9999 -9999   261   221 
30  4000  -9999 11883 -9999 -9999 -9999   268   216 
30  4100  -9999 12163 -9999 -9999 -9999   268   195 
30  4200  -9999 12447 -9999 -9999 -9999   266   170 
30  4300  -9999 12745 -9999 -9999 -9999   263   139 
30  4500  -9999 13343 -9999 -9999 -9999   264   144 
30  4600  -9999 13616 -9999 -9999 -9999   278   144 
30  4700  -9999 13879 -9999 -9999 -9999   285   129 
30  4800  -9999 14159 -9999 -9999 -9999   281   113 
30  4900  -9999 14471 -9999 -9999 -9999   281   103 
30  5000  -9999 14764 -9999 -9999 -9999   274   103 
30  5200  -9999 15314 -9999 -9999 -9999   275   113 
30  5300  -9999 15585 -9999 -9999 -9999   277   118 
30  5400  -9999 15887 -9999 -9999 -9999   280   108 
30  5600  -9999 16511 -9999 -9999 -9999   276    98 
30  5700  -9999 16798 -9999 -9999 -9999   275   103 
30  5800  -9999 17075 -9999 -9999 -9999   275    98 
30  5900  -9999 17383 -9999 -9999 -9999   271    86 
30  6000  -9999 17694 -9999 -9999 -9999   264    77 
30  6100  -9999 17996 -9999 -9999 -9999   256    67 
30  6200  -9999 18295 -9999 -9999 -9999   259    67 
30  6300  -9999 18605 -9999 -9999 -9999   262    62 
30  6400  -9999 18921 -9999 -9999 -9999   273    72 
30  6500  -9999 19238 -9999 -9999 -9999   283    72 
30  6600  -9999 19557 -9999 -9999 -9999   286    72 
30  6700  -9999 19875 -9999 -9999 -9999   292    67 
30  6800  -9999 20194 -9999 -9999 -9999   298    57 
30  6900  -9999 20519 -9999 -9999 -9999   300    50 
30  7000  -9999 20831 -9999 -9999 -9999   299    50 
30  7100  -9999 21142 -9999 -9999 -9999   294    45 
30  7200  -9999 21485 -9999 -9999 -9999   291    36 
30  7300  -9999 21848 -9999 -9999 -9999   287    21 
30  7400  -9999 22211 -9999 -9999 -9999   271    15 
30  7500  -9999 22574 -9999 -9999 -9999   288    26 
30  7600  -9999 22931 -9999 -9999 -9999   318    31 
30  7700  -9999 23279 -9999 -9999 -9999   323    40 
30  7800  -9999 23627 -9999 -9999 -9999   330    50 
30  7900  -9999 24000 -9999 -9999 -9999   347    57 
30  8000  -9999 24389 -9999 -9999 -9999   338    57 
30  8100  -9999 24779 -9999 -9999 -9999   340    45 
30  8200  -9999 25168 -9999 -9999 -9999   331    31 
30  8300  -9999 25572 -9999 -9999 -9999   293    26 
30  8400  -9999 26000 -9999 -9999 -9999   309    26 
30  8500  -9999 26412 -9999 -9999 -9999   323    31 
30  8600  -9999 26764 -9999 -9999 -9999   328    40 
30  8700  -9999 27151 -9999 -9999 -9999   339    50 
30  8800  -9999 27562 -9999 -9999 -9999   337    45 
30  8900  -9999 27973 -9999 -9999 -9999   328    50 
%USM00072583 1993 01 15 12 1121  140 ncdc6301 ncdc6301  409019 -1178072
21     0  86950B 1311  -113B  880    16     0     0 
20     6  86650  1338B  -98B  878    17 -9999 -9999 
20    18  86050  1392B  -47B  919    11 -9999 -9999 
20    24  85750  1419B  -27B  850    22 -9999 -9999 
20    30  85459  1446B  -18B  739    40 -9999 -9999 
10    42  85000  1489B  -16B  659    55 -9999 -9999 
20   106  83750  1607B  -13B  575    73 -9999 -9999 
20   118  83189  1661B   -1B  455   105 -9999 -9999 
20   124  82900  1689B    4B  447   106 -9999 -9999 
20   142  82069  1770B    1B  427   113 -9999 -9999 
20   230  80000  1974B  -13B  374   128 -9999 -9999 
20   342  76770  2301B  -40B  401   116 -9999 -9999 
20   442  74220  2566B  -58B  391   118 -9999 -9999 
20   512  72909  2706B  -63B  486    91 -9999 -9999 
20   536  71859  2819B  -68B  720    42 -9999 -9999 
10   618  70000  3023B  -85B  828    24 -9999 -9999 
20   754  66279  3444B -126B  912    12 -9999 -9999 
20   806  65779  3502B -121B  859    18   239   113 
20   812  65529  3531B -116B  489    86   240   113 
20   830  64759  3622B -108B  384   116   241   118 
20   900  63579  3763B -105B  367   121   242   118 
20  1012  60939  4089B -121B  364   120   244   134 
20  1136  58050  4459B -144B  369   116   247   154 
10  1536  50000  5572B -231B  387   101   254   175 
20  1906  43789  6530B -298B  400    93   253   226 
10  2112  40000  7167B -359B  430    81   250   226 
20  2236  37729  7570B -397B  491    65   250   211 
20  2242  37560  7601B -401B-9999 -9999   250   211 
20  2348  35789  7929B -424B-9999 -9999   252   201 
20  2706  31229  8837B -487B-9999 -9999   263   226 
10  2806  30000  9101B -495B-9999 -9999   267   242 
20  2906  28729  9384B -501B-9999 -9999   270   247 
20  2954  27739  9614B -495B-9999 -9999   272   268 
20  3106  26319  9956B -517B-9999 -9999   271   268 
10  3218  25000 10289B -525B-9999 -9999   266   262 
20  3454  22339 11014B -537B-9999 -9999   264   252 
20  3606  21289 11325B -521B-9999 -9999   265   273 
10  3730  20000 11728B -531B-9999 -9999   265   242 
20  3748  19750 11810B -517B-9999 -9999   265   237 
20  3836  19009 12058B -509B-9999 -9999   266   237 
20  4024  17509 12591B -522B-9999 -9999   268   211 
20  4206  16159 13108B -545B-9999 -9999   258   195 
10  4336  15000 13584B -552B-9999 -9999   259   195 
20  4354  14819 13661B -552B-9999 -9999   260   195 
20  4412  14619 13748B -545B-9999 -9999   260   195 
20  4448  14230 13921B -546B-9999 -9999   260   195 
20  4548  13559 14231B -532B-9999 -9999   261   165 
20  4630  13080 14463B -544B-9999 -9999   263   144 
20  4648  12880 14562B -536B-9999 -9999   263   144 
20  4724  12500 14754B -541B-9999 -9999   264   139 
20  4842  11769 15140B -537B-9999 -9999   263   139 
20  5024  10889 15637B -562B-9999 -9999   270   113 
20  5100  10569 15826B -562B-9999 -9999   273   103 
20  5130  10329 15973B -554B-9999 -9999   273    98 
10  5212  10000 16180B -556B-9999 -9999   272    93 
20  5342   9279 16654B -576B-9999 -9999   269    81 
20  5412   9040 16819B -576B-9999 -9999   266    81 
20  5454   8729 17038B -592B-9999 -9999   260    86 
20  5600   8269 17378B -592B-9999 -9999   260    81 
20  5706   7819 17726B -616B-9999 -9999   268    93 
20  5818   7369 18094B -604B-9999 -9999   274    86 
10  5918   7000 18415B -611B-9999 -9999   281    81 
20  6030   6550 18827B -620B-9999 -9999   277    72 
20  6330   5529 19880B -595B-9999 -9999   262    67 
10  6512   5000 20508B -609B-9999 -9999   274    62 
20  6648   4579 21057B -584B-9999 -9999   289    45 
20  6824   4159 21659B -605B-9999 -9999   304    50 
10  7354   3000 23698B -599B-9999 -9999   328    31 
20  7648   2529 24771B -565B-9999 -9999   351    40 
20  8018   2029 26167B -567B-9999 -9999 -9999 -9999 
30   800  -9999  3473 -9999 -9999 -9999   239   113 
30  1000  -9999  4035 -9999 -9999 -9999   244   129 
30  1100  -9999  4300 -9999 -9999 -9999   245   144 
30  1200  -9999  4570 -9999 -9999 -9999   249   159 
30  1300  -9999  4849 -9999 -9999 -9999   251   165 
30  1400  -9999  5127 -9999 -9999 -9999   253   154 
30  1500  -9999  5405 -9999 -9999 -9999   255   165 
30  1600  -9999  5681 -9999 -9999 -9999   254   180 
30  1700  -9999  5955 -9999 -9999 -9999   250   185 
30  1800  -9999  6229 -9999 -9999 -9999   251   201 
30  1900  -9999  6503 -9999 -9999 -9999   253   226 
30  2000  -9999  6803 -9999 -9999 -9999   251   231 
30  2100  -9999  7106 -9999 -9999 -9999   250   226 
30  2200  -9999  7397 -9999 -9999 -9999   250   216 
30  2300  -9999  7690 -9999 -9999 -9999   250   211 
30  2400  -9999  7984 -9999 -9999 -9999   253   201 
30  2500  -9999  8259 -9999 -9999 -9999   258   201 
30  2600  -9999  8534 -9999 -9999 -9999   260   206 
30  2700  -9999  8809 -9999 -9999 -9999   262   226 
30  2800  -9999  9075 -9999 -9999 -9999   267   242 
30  2900  -9999  9356 -9999 -9999 -9999   270   247 
30  3000  -9999  9643 -9999 -9999 -9999   272   268 
30  3100  -9999  9928 -9999 -9999 -9999   272   268 
30  3200  -9999 10206 -9999 -9999 -9999   266   262 
30  3300  -9999 10484 -9999 -9999 -9999   266   257 
30  3400  -9999 10763 -9999 -9999 -9999   268   231 
30  3500  -9999 11040 -9999 -9999 -9999   264   252 
30  3600  -9999 11299 -9999 -9999 -9999   265   273 
30  3700  -9999 11584 -9999 -9999 -9999   265   247 
30  3800  -9999 11872 -9999 -9999 -9999   265   231 
30  3900  -9999 12176 -9999 -9999 -9999   267   237 
30  4000  -9999 12473 -9999 -9999 -9999   268   226 
30  4100  -9999 12773 -9999 -9999 -9999   269   190 
30  4200  -9999 13078 -9999 -9999 -9999   258   195 
30  4300  -9999 13394 -9999 -9999 -9999   256   201 
30  4400  -9999 13690 -9999 -9999 -9999   260   195 
30  4500  -9999 13983 -9999 -9999 -9999   260   195 
30  4600  -9999 14297 -9999 -9999 -9999   261   154 
30  4700  -9999 14626 -9999 -9999 -9999   264   139 
30  4800  -9999 14932 -9999 -9999 -9999   264   134 
30  4900  -9999 15228 -9999 -9999 -9999   263   139 
30  5000  -9999 15520 -9999 -9999 -9999   268   118 
30  5200  -9999 16121 -9999 -9999 -9999   272    93 
30  5300  -9999 16433 -9999 -9999 -9999   271    81 
30  5400  -9999 16753 -9999 -9999 -9999   268    81 
30  5500  -9999 17069 -9999 -9999 -9999   259    86 
30  5700  -9999 17694 -9999 -9999 -9999   268    93 
30  5800  -9999 18002 -9999 -9999 -9999   271    93 
30  5900  -9999 18319 -9999 -9999 -9999   282    77 
30  6000  -9999 18655 -9999 -9999 -9999   279    86 
30  6100  -9999 19002 -9999 -9999 -9999   275    50 
30  6200  -9999 19353 -9999 -9999 -9999   269    57 
30  6300  -9999 19704 -9999 -9999 -9999   264    81 
30  6400  -9999 20065 -9999 -9999 -9999   260    45 
30  6500  -9999 20434 -9999 -9999 -9999   273    62 
30  6600  -9999 20783 -9999 -9999 -9999   276    72 
30  6700  -9999 21132 -9999 -9999 -9999   292    36 
30  6800  -9999 21509 -9999 -9999 -9999   295    57 
30  6900  -9999 21881 -9999 -9999 -9999   317    40 
30  7000  -9999 22252 -9999 -9999 -9999   356    31 
30  7100  -9999 22623 -9999 -9999 -9999   325    36 
30  7200  -9999 22994 -9999 -9999 -9999   350    26 
30  7300  -9999 23364 -9999 -9999 -9999   316    31 
30  7400  -9999 23735 -9999 -9999 -9999   329    31 
30  7500  -9999 24105 -9999 -9999 -9999   331    36 
30  7600  -9999 24475 -9999 -9999 -9999   342    40 
30  7700  -9999 24851 -9999 -9999 -9999   353    40 
30  7800  -9999 25250 -9999 -9999 -9999   359    40 
30  7900  -9999 25648 -9999 -9999 -9999    12    40 
30  8000  -9999 26047 -9999 -9999 -9999    10    40 
%USM00072583 1993 01 16 00 2305  155 ncdc6301 ncdc6301  409019 -1178072
21     0  86600B 1311   -10B  660    55    70    50 
20    12  86100  1357B  -16B  602    67    81    50 
10    36  85000  1460B   -2B  557    78   106    50 
20   106  83779  1576B   -6B  536    83   131    50 
20   124  82919  1658B    1B  594    70   139    50 
20   200  81209  1825B    1B  607    67   156    50 
20   218  80359  1909B   -1B  607    67   156    50 
20   224  80000  1945B    1B  581    73   156    50 
20   236  79600  1986B    1B  569    75   157    57 
20   354  76239  2330B  -22B  622    62   174    62 
20   454  73620  2607B  -47B  809    27   189    86 
20   518  72689  2707B  -49B  918    12   189    93 
10   624  70000  3003B  -59B  928    10   183   118 
20   948  62079  3939B  -93B  885    16   203   103 
20  1236  55829  4751B -148B  847    20   198   118 
10  1518  50000  5577B -210B  797    26   206   134 
20  1754  44800  6379B -267B  757    30   227   190 
10  2024  40000  7186B -337B  705    34   230   216 
20  2154  37289  7673B -380B  693    35   231   201 
20  2236  36110  7894B -399B  637    42   233   211 
20  2306  35350  8039B -414B-9999 -9999   234   226 
20  2348  34260  8251B -419B-9999 -9999   235   252 
10  2700  30000  9138B -484B-9999 -9999   238   298 
20  2818  28419  9493B -491B-9999 -9999   244   318 
20  2912  27350  9744B -509B-9999 -9999   247   324 
10  3118  25000 10326B -535B-9999 -9999   252   340 
20  3324  22950 10874B -552B-9999 -9999   250   345 
20  3354  22459 11012B -544B-9999 -9999   251   334 
20  3524  21079 11418B -547B-9999 -9999   249   298 
20  3606  20430 11618B -557B-9999 -9999   248   308 
10  3636  20000 11753B -550B-9999 -9999   248   308 
20  3730  19219 12008B -550B-9999 -9999   248   298 
20  3800  18819 12142B -539B-9999 -9999   248   288 
20  4000  17339 12670B -525B-9999 -9999   254   262 
20  4118  16380 13037B -542B-9999 -9999   255   252 
10  4318  15000 13599B -554B-9999 -9999   255   206 
20  4430  14280 13913B -562B-9999 -9999   251   211 
20  4506  13930 14070B -554B-9999 -9999   251   216 
20  4554  13469 14284B -560B-9999 -9999   252   201 
20  4648  12950 14535B -556B-9999 -9999   254   190 
20  4718  12679 14670B -545B-9999 -9999   255   185 
20  4806  12250 14890B -549B-9999 -9999   256   175 
20  4924  11550 15265B -567B-9999 -9999   257   154 
20  5012  11109 15511B -564B-9999 -9999   256   159 
20  5136  10389 15935B -584B-9999 -9999   256   165 
10  5230  10000 16175B -586B-9999 -9999   256   165 
20  5330   9509 16491B -592B-9999 -9999   258   159 
20  5542   8540 17170B -560B-9999 -9999   261   103 
20  5748   7719 17807B -590B-9999 -9999   249    67 
20  5824   7490 17997B -582B-9999 -9999   246    72 
20  5912   7200 18245B -592B-9999 -9999   246    81 
10  5948   7000 18422B -587B-9999 -9999   250    81 
20  6306   5919 19465B -629B-9999 -9999   261    72 
10  6624   5000 20509B -610B-9999 -9999   265    77 
20  6824   4470 21212B -572B-9999 -9999   267    45 
20  7012   4070 21801B -597B-9999 -9999   276    36 
20  7442   3179 23348B -584B-9999 -9999   304    26 
10  7542   3000 23717B -557B-9999 -9999   291    31 
20  7754   2639 24532B -552B-9999 -9999   304    36 
20  7930   2389 25164B -571B-9999 -9999   302    36 
10  8218   2000 26294B -562B-9999 -9999   338    45 
20  8354   1810 26928B -566B-9999 -9999   341    45 
20  8518   1660 27479B -547B-9999 -9999   311    45 
20  8718   1450 28344B -552B-9999 -9999   280    50 
10  9230   1000 30744B -501B-9999 -9999   291    72 
20  9348    909 31361B -497B-9999 -9999 -9999 -9999 
30   100  -9999  1553 -9999 -9999 -9999   129    50 
30   300  -9999  2092 -9999 -9999 -9999   157    57 
30   400  -9999  2358 -9999 -9999 -9999   176    62 
30   500  -9999  2632 -9999 -9999 -9999   190    86 
30   600  -9999  2895 -9999 -9999 -9999   187   113 
30   700  -9999  3168 -9999 -9999 -9999   178   123 
30   800  -9999  3443 -9999 -9999 -9999   184   113 
30   900  -9999  3719 -9999 -9999 -9999   201    98 
30  1000  -9999  3997 -9999 -9999 -9999   203   103 
30  1100  -9999  4287 -9999 -9999 -9999   198   113 
30  1200  -9999  4577 -9999 -9999 -9999   197   118 
30  1300  -9999  4873 -9999 -9999 -9999   199   118 
30  1400  -9999  5179 -9999 -9999 -9999   201   123 
30  1500  -9999  5485 -9999 -9999 -9999   204   129 
30  1600  -9999  5793 -9999 -9999 -9999   212   139 
30  1700  -9999  6101 -9999 -9999 -9999   223   170 
30  1800  -9999  6411 -9999 -9999 -9999   227   195 
30  1900  -9999  6734 -9999 -9999 -9999   227   211 
30  2000  -9999  7057 -9999 -9999 -9999   230   221 
30  2100  -9999  7381 -9999 -9999 -9999   231   211 
30  2200  -9999  7705 -9999 -9999 -9999   231   201 
30  2300  -9999  8010 -9999 -9999 -9999   234   221 
30  2400  -9999  8306 -9999 -9999 -9999   235   257 
30  2500  -9999  8584 -9999 -9999 -9999   234   283 
30  2600  -9999  8861 -9999 -9999 -9999   234   288 
30  2800  -9999  9411 -9999 -9999 -9999   243   313 
30  2900  -9999  9688 -9999 -9999 -9999   246   324 
30  3000  -9999  9966 -9999 -9999 -9999   250   324 
30  3100  -9999 10243 -9999 -9999 -9999   252   334 
30  3200  -9999 10509 -9999 -9999 -9999   251   355 
30  3300  -9999 10770 -9999 -9999 -9999   249   355 
30  3400  -9999 11039 -9999 -9999 -9999   251   329 
30  3500  -9999 11310 -9999 -9999 -9999   250   293 
30  3600  -9999 11589 -9999 -9999 -9999   248   308 
30  3700  -9999 11866 -9999 -9999 -9999   248   308 
30  3900  -9999 12406 -9999 -9999 -9999   249   273 
30  4100  -9999 12952 -9999 -9999 -9999   255   257 
30  4200  -9999 13234 -9999 -9999 -9999   256   237 
30  4300  -9999 13515 -9999 -9999 -9999   257   211 
30  4400  -9999 13782 -9999 -9999 -9999   250   201 
30  4500  -9999 14044 -9999 -9999 -9999   251   216 
30  4600  -9999 14312 -9999 -9999 -9999   252   201 
30  4700  -9999 14589 -9999 -9999 -9999   254   190 
30  4800  -9999 14863 -9999 -9999 -9999   256   175 
30  4900  -9999 15150 -9999 -9999 -9999   257   154 
30  5000  -9999 15450 -9999 -9999 -9999   256   159 
30  5100  -9999 15753 -9999 -9999 -9999   257   165 
30  5200  -9999 16042 -9999 -9999 -9999   256   165 
30  5300  -9999 16333 -9999 -9999 -9999   257   170 
30  5400  -9999 16645 -9999 -9999 -9999   259   154 
30  5500  -9999 16954 -9999 -9999 -9999   261   123 
30  5600  -9999 17261 -9999 -9999 -9999   261    98 
30  5700  -9999 17564 -9999 -9999 -9999   259    77 
30  5800  -9999 17870 -9999 -9999 -9999   247    67 
30  5900  -9999 18183 -9999 -9999 -9999   245    81 
30  6000  -9999 18485 -9999 -9999 -9999   251    81 
30  6100  -9999 18801 -9999 -9999 -9999   254    72 
30  6200  -9999 19117 -9999 -9999 -9999   260    72 
30  6300  -9999 19433 -9999 -9999 -9999   261    72 
30  6400  -9999 19750 -9999 -9999 -9999   260    77 
30  6500  -9999 20066 -9999 -9999 -9999   258    72 
30  6600  -9999 20382 -9999 -9999 -9999   263    77 
30  6700  -9999 20720 -9999 -9999 -9999   267    72 
30  6800  -9999 21071 -9999 -9999 -9999   270    40 
30  6900  -9999 21408 -9999 -9999 -9999   264    50 
30  7000  -9999 21736 -9999 -9999 -9999   272    36 
30  7100  -9999 22076 -9999 -9999 -9999   293    26 
30  7200  -9999 22420 -9999 -9999 -9999   307    31 
30  7300  -9999 22764 -9999 -9999 -9999   321    31 
30  7400  -9999 23107 -9999 -9999 -9999   318    26 
30  7500  -9999 23459 -9999 -9999 -9999   298    26 
30  7600  -9999 23828 -9999 -9999 -9999   288    36 
30  7700  -9999 24199 -9999 -9999 -9999   310    36 
30  7800  -9999 24572 -9999 -9999 -9999   303    36 
30  7900  -9999 24967 -9999 -9999 -9999   298    36 
30  8000  -9999 25366 -9999 -9999 -9999   307    36 
30  8100  -9999 25769 -9999 -9999 -9999   311    36 
30  8200  -9999 26173 -9999 -9999 -9999   336    40 
30  8300  -9999 26571 -9999 -9999 -9999   342    50 
30  8400  -9999 26967 -9999 -9999 -9999   341    45 
30  8500  -9999 27361 -9999 -9999 -9999   319    45 
30  8600  -9999 27782 -9999 -9999 -9999   290    40 
30  8700  -9999 28214 -9999 -9999 -9999   284    45 
30  8800  -9999 28667 -9999 -9999 -9999   270    57 
30  8900  -9999 29129 -9999 -9999 -9999   278    62 
30  9000  -9999 29590 -9999 -9999 -9999   281    67 
30  9100  -9999 30052 -9999 -9999 -9999   285    72 
30  9200  -9999 30513 -9999 -9999 -9999   293    77 
30  9300  -9999 30981 -9999 -9999 -9999   288    67 
%USM00072583 1993 01 16 12 1115  163 ncdc6301 ncdc6301  409019 -1178072
21     0  86469B 1311   -12B  940     9   220    31 
20     6  86189  1337B    6B  920    12   218    31 
10    30  85000  1449B   13B  934    10   208    36 
20   106  83300  1611B    1B  933    10   197    36 
20   218  80000  1935B  -11B  934    10   203    57 
20   424  74679  2482B  -39B  927    10   226   123 
20   500  72920  2670B  -55B  925    10   232   149 
20   512  72389  2727B  -55B  890    16   234   159 
20   524  71850  2786B  -54B  700    45   236   165 
10   606  70000  2990B  -65B  497    88   243   190 
20   736  66679  3368B  -98B  482    89   244   211 
20   948  62109  3913B -129B  218   173   229   293 
20  1048  60089  4164B -141B  203   178   224   308 
20  1200  57500  4497B -167B  251   154   216   313 
20  1230  56400  4642B -176B  339   121   212   318 
20  1306  55150  4809B -185B  640    50   207   318 
20  1348  53779  4996B -198B  733    35   202   303 
10  1542  50000  5533B -237B  490    77   196   278 
20  1630  48459  5761B -258B  587    57   195   273 
20  1636  48250  5792B -260B  499    74   194   268 
20  1642  48050  5823B -260B  200   300   194   268 
20  1654  47609  5889B -263B  200   300   193   268 
20  1836  44429  6384B -306B  200   300   190   262 
20  1848  44069  6442B -311B  217   146   190   262 
20  1912  43379  6554B -320B  451    79   190   262 
20  1954  42189  6750B -337B  535    60   188   262 
10  2112  40000  7121B -371B  517    63   186   278 
20  2218  38269  7425B -399B  500    64   186   262 
20  2312  36779  7695B -425B-9999 -9999   194   237 
10  2812  30000  9052B -489B-9999 -9999   224   303 
20  2918  28519  9383B -512B-9999 -9999   227   308 
20  3042  27039  9729B -512B-9999 -9999   230   313 
10  3236  25000 10238B -522B-9999 -9999   236   298 
20  3442  23000 10777B -527B-9999 -9999   245   278 
20  3542  22129 11025B -540B-9999 -9999   246   283 
20  3600  21869 11101B -534B-9999 -9999   246   288 
20  3754  20330 11571B -530B-9999 -9999   244   262 
10  3818  20000 11677B -521B-9999 -9999   246   247 
20  3936  18969 12019B -525B-9999 -9999   256   211 
20  4106  17789 12432B -552B-9999 -9999   248   175 
20  4330  16239 13014B -547B-9999 -9999   236   211 
20  4454  15359 13372B -532B-9999 -9999   230   242 
10  4524  15000 13524B -537B-9999 -9999   231   247 
20  4606  14559 13716B -539B-9999 -9999   236   242 
20  4718  13930 14001B -522B-9999 -9999   248   211 
20  4854  13130 14382B -542B-9999 -9999   249   185 
20  5000  12500 14697B -541B-9999 -9999   248   190 
20  5054  11929 14996B -554B-9999 -9999   250   201 
20  5124  11589 15180B -545B-9999 -9999   252   201 
20  5236  10959 15537B -566B-9999 -9999   257   195 
20  5306  10750 15659B -569B-9999 -9999   258   190 
20  5348  10479 15821B -559B-9999 -9999   259   180 
10  5454  10000 16118B -575B-9999 -9999   259   159 
20  5536   9650 16344B -562B-9999 -9999   261   154 
20  5630   9219 16633B -569B-9999 -9999   265   159 
20  5736   8740 16970B -592B-9999 -9999   269   154 
20  5818   8450 17182B -585B-9999 -9999   268   154 
20  5924   8069 17470B -600B-9999 -9999   260   144 
10  6230   7000 18357B -604B-9999 -9999   249   113 
20  6536   6079 19236B -602B-9999 -9999   263   118 
20  6630   5809 19518B -615B-9999 -9999   268   108 
10  6942   5000 20456B -581B-9999 -9999   283    86 
20  7130   4609 20965B -605B-9999 -9999   288    77 
20  7318   4229 21504B -577B-9999 -9999   291    57 
20  7706   3479 22730B -599B-9999 -9999   301    50 
10  8006   3000 23659B -586B-9999 -9999   276    21 
10  8800   2000 26214B -575B-9999 -9999   313    57 
20  8918   1860 26674B -565B-9999 -9999   311    67 
20  9048   1710 27206B -574B-9999 -9999   321    67 
20  9418   1409 28434B -544B-9999 -9999   275    81 
20  9536   1309 28904B -556B-9999 -9999   268    86 
20  9618   1259 29153B -547B-9999 -9999 -9999 -9999 
30   100  -9999  1584 -9999 -9999 -9999   196    36 
30   200  -9999  1854 -9999 -9999 -9999   201    45 
30   300  -9999  2117 -9999 -9999 -9999   209    77 
30   400  -9999  2378 -9999 -9999 -9999   223   113 
30   600  -9999  2961 -9999 -9999 -9999   242   190 
30   700  -9999  3217 -9999 -9999 -9999   247   206 
30   800  -9999  3467 -9999 -9999 -9999   242   216 
30   900  -9999  3715 -9999 -9999 -9999   234   257 
30  1000  -9999  3963 -9999 -9999 -9999   228   303 
30  1100  -9999  4220 -9999 -9999 -9999   223   308 
30  1300  -9999  4781 -9999 -9999 -9999   208   318 
30  1400  -9999  5053 -9999 -9999 -9999   201   298 
30  1500  -9999  5335 -9999 -9999 -9999   197   283 
30  1600  -9999  5619 -9999 -9999 -9999   196   273 
30  1700  -9999  5918 -9999 -9999 -9999   193   268 
30  1800  -9999  6209 -9999 -9999 -9999   191   268 
30  1900  -9999  6498 -9999 -9999 -9999   190   262 
30  2000  -9999  6779 -9999 -9999 -9999   188   262 
30  2100  -9999  7064 -9999 -9999 -9999   186   278 
30  2200  -9999  7342 -9999 -9999 -9999   184   273 
30  2300  -9999  7635 -9999 -9999 -9999   190   242 
30  2400  -9999  7912 -9999 -9999 -9999   208   226 
30  2500  -9999  8184 -9999 -9999 -9999   218   247 
30  2600  -9999  8455 -9999 -9999 -9999   223   268 
30  2700  -9999  8726 -9999 -9999 -9999   224   283 
30  2800  -9999  8998 -9999 -9999 -9999   224   303 
30  2900  -9999  9293 -9999 -9999 -9999   226   308 
30  3000  -9999  9556 -9999 -9999 -9999   228   308 
30  3100  -9999  9809 -9999 -9999 -9999   231   318 
30  3200  -9999 10077 -9999 -9999 -9999   234   318 
30  3300  -9999 10341 -9999 -9999 -9999   238   288 
30  3400  -9999 10597 -9999 -9999 -9999   243   273 
30  3500  -9999 10851 -9999 -9999 -9999   246   278 
30  3700  -9999 11348 -9999 -9999 -9999   243   288 
30  3800  -9999 11598 -9999 -9999 -9999   244   257 
30  3900  -9999 11861 -9999 -9999 -9999   252   221 
30  4000  -9999 12129 -9999 -9999 -9999   258   201 
30  4100  -9999 12404 -9999 -9999 -9999   249   175 
30  4200  -9999 12650 -9999 -9999 -9999   238   180 
30  4300  -9999 12893 -9999 -9999 -9999   237   201 
30  4400  -9999 13142 -9999 -9999 -9999   235   221 
30  4500  -9999 13402 -9999 -9999 -9999   229   247 
30  4600  -9999 13689 -9999 -9999 -9999   234   242 
30  4700  -9999 13930 -9999 -9999 -9999   249   221 
30  4800  -9999 14168 -9999 -9999 -9999   247   190 
30  4900  -9999 14411 -9999 -9999 -9999   249   185 
30  5100  -9999 15033 -9999 -9999 -9999   250   201 
30  5200  -9999 15359 -9999 -9999 -9999   255   201 
30  5300  -9999 15635 -9999 -9999 -9999   258   190 
30  5400  -9999 15875 -9999 -9999 -9999   259   175 
30  5500  -9999 16150 -9999 -9999 -9999   259   159 
30  5600  -9999 16472 -9999 -9999 -9999   262   154 
30  5700  -9999 16786 -9999 -9999 -9999   267   159 
30  5800  -9999 17091 -9999 -9999 -9999   270   154 
30  5900  -9999 17365 -9999 -9999 -9999   263   149 
30  6000  -9999 17642 -9999 -9999 -9999   255   139 
30  6100  -9999 17928 -9999 -9999 -9999   247   129 
30  6200  -9999 18214 -9999 -9999 -9999   244   113 
30  6300  -9999 18499 -9999 -9999 -9999   254   113 
30  6400  -9999 18782 -9999 -9999 -9999   264   118 
30  6500  -9999 19066 -9999 -9999 -9999   261   123 
30  6600  -9999 19361 -9999 -9999 -9999   265   118 
30  6700  -9999 19665 -9999 -9999 -9999   270    98 
30  6800  -9999 19958 -9999 -9999 -9999   272    93 
30  6900  -9999 20251 -9999 -9999 -9999   284    86 
30  7000  -9999 20541 -9999 -9999 -9999   283    86 
30  7100  -9999 20824 -9999 -9999 -9999   288    81 
30  7200  -9999 21115 -9999 -9999 -9999   287    72 
30  7300  -9999 21414 -9999 -9999 -9999   289    62 
30  7400  -9999 21730 -9999 -9999 -9999   297    50 
30  7500  -9999 22052 -9999 -9999 -9999   293    45 
30  7600  -9999 22375 -9999 -9999 -9999   308    45 
30  7700  -9999 22698 -9999 -9999 -9999   299    50 
30  7800  -9999 23009 -9999 -9999 -9999   318    36 
30  7900  -9999 23318 -9999 -9999 -9999   314    31 
30  8000  -9999 23628 -9999 -9999 -9999   278    21 
30  8100  -9999 23950 -9999 -9999 -9999   260    21 
30  8200  -9999 24273 -9999 -9999 -9999   268    26 
30  8300  -9999 24597 -9999 -9999 -9999   266    36 
30  8400  -9999 24920 -9999 -9999 -9999   284    45 
30  8500  -9999 25244 -9999 -9999 -9999   306    45 
30  8600  -9999 25567 -9999 -9999 -9999   300    50 
30  8700  -9999 25891 -9999 -9999 -9999   288    67 
30  8900  -9999 26568 -9999 -9999 -9999   312    67 
30  9000  -9999 26922 -9999 -9999 -9999   308    72 
30  9100  -9999 27276 -9999 -9999 -9999   324    67 
30  9200  -9999 27627 -9999 -9999 -9999   299    72 
30  9300  -9999 27978 -9999 -9999 -9999   280    86 
30  9400  -9999 28329 -9999 -9999 -9999   276    77 
30  9500  -9999 28687 -9999 -9999 -9999   272    86 
30  9600  -9999 29046 -9999 -9999 -9999   266    86 
%USM00072583 1993 01 17 00 2303  149 ncdc6301 ncdc6301  409019 -1178072
21     0  86689B 1311    11B  760    37    70    21 
20     6  86400  1338B   10B  644    59    86    21 
10    36  85000  1469B    9B  733    42   163    15 
20   100  83750  1589B   11B  694    49   234    15 
20   200  80989  1858B    0B  614    65   227    26 
20   224  80000  1956B   -8B  610    65   228    36 
20   306  78109  2147B  -24B  557    75   231    50 
20   406  75339  2432B  -43B  341   136   237    72 
20   518  72220  2764B  -69B  407   111   246    72 
10   612  70000  3007B  -81B  349   129   257    72 
20   918  63009  3814B -144B  223   168   242    98 
20  1048  59809  4207B -178B  377   110   246   113 
20  1106  59170  4287B -183B  349   118   247   118 
20  1124  58529  4369B -180B  203   173   246   129 
20  1206  57120  4551B -185B  207   170   245   139 
20  1230  56329  4654B -193B  329   123   245   144 
20  1318  54720  4869B -210B  208   166   245   149 
10  1542  50000  5528B -268B  332   114   251   165 
20  1848  44389  6375B -337B  268   125   248   185 
10  2124  40000  7096B -397B  362    93   242   242 
20  2136  39700  7147B -400B  369    91   242   252 
20  2236  38089  7429B -412B-9999 -9999   246   293 
20  2318  36879  7648B -427B-9999 -9999   249   308 
20  2336  36339  7747B -425B-9999 -9999   249   308 
20  2442  34610  8075B -447B-9999 -9999   250   303 
10  2806  30000  9022B -496B-9999 -9999   248   283 
20  2836  29419  9149B -505B-9999 -9999   245   273 
20  2912  28610  9332B -495B-9999 -9999   239   268 
20  3018  27410  9612B -507B-9999 -9999   233   278 
10  3236  25000 10211B -505B-9999 -9999   246   252 
20  3518  22300 10951B -542B-9999 -9999   251   206 
20  3548  21879 11073B -539B-9999 -9999   251   195 
20  3618  21469 11195B -521B-9999 -9999   250   190 
20  3654  20969 11347B -527B-9999 -9999   248   185 
10  3800  20000 11653B -524B-9999 -9999   242   185 
20  3900  19109 11947B -534B-9999 -9999   241   185 
20  4030  18019 12326B -520B-9999 -9999   240   211 
20  4124  17459 12531B -502B-9999 -9999   241   221 
10  4448  15000 13521B -509B-9999 -9999   261   154 
20  4718  13659 14127B -535B-9999 -9999   267   139 
20  4754  13319 14289B -527B-9999 -9999   268   139 
20  4930  12379 14759B -552B-9999 -9999   263   149 
20  5154  11269 15360B -541B-9999 -9999   249   170 
20  5230  10989 15522B -522B-9999 -9999   248   175 
20  5248  10850 15605B -522B-9999 -9999   249   180 
20  5354  10309 15934B -542B-9999 -9999   256   170 
20  5418  10140 16041B -545B-9999 -9999   259   170 
10  5436  10000 16130B -536B-9999 -9999   261   165 
20  5530   9619 16379B -541B-9999 -9999   267   154 
20  5730   8790 16954B -570B-9999 -9999   275   113 
20  5748   8659 17048B -565B-9999 -9999   273   108 
20  6036   7540 17920B -601B-9999 -9999   267   154 
10  6212   7000 18384B -594B-9999 -9999   269   170 
20  6354   6409 18937B -584B-9999 -9999   275   118 
20  6424   6229 19117B -564B-9999 -9999   277    98 
20  6706   5359 20060B -620B-9999 -9999   280    45 
10  6830   5000 20495B -569B-9999 -9999   266    62 
20  7218   4089 21761B -589B-9999 -9999   282    77 
20  7342   3770 22276B -561B-9999 -9999   297    62 
20  7548   3339 23041B -591B-9999 -9999   306    40 
20  7700   3119 23470B -565B-9999 -9999   307    40 
10  7748   3000 23719B -569B-9999 -9999   312    45 
20  7900   2800 24157B -559B-9999 -9999   345    36 
20  8036   2559 24726B -572B-9999 -9999   320    50 
20  8324   2160 25808B -544B-9999 -9999   289    62 
10  8442   2000 26300B -547B-9999 -9999   289    45 
20  8842   1539 27978B -535B-9999 -9999 -9999 -9999 
30   300  -9999  2120 -9999 -9999 -9999   230    50 
30   400  -9999  2404 -9999 -9999 -9999   236    72 
30   500  -9999  2681 -9999 -9999 -9999   242    72 
30   600  -9999  2953 -9999 -9999 -9999   256    72 
30   700  -9999  3215 -9999 -9999 -9999   260    81 
30   800  -9999  3476 -9999 -9999 -9999   248    93 
30   900  -9999  3736 -9999 -9999 -9999   241    98 
30  1000  -9999  3997 -9999 -9999 -9999   244   103 
30  1100  -9999  4260 -9999 -9999 -9999   247   118 
30  1200  -9999  4525 -9999 -9999 -9999   245   139 
30  1300  -9999  4788 -9999 -9999 -9999   244   149 
30  1400  -9999  5061 -9999 -9999 -9999   248   144 
30  1500  -9999  5336 -9999 -9999 -9999   250   154 
30  1600  -9999  5610 -9999 -9999 -9999   252   170 
30  1700  -9999  5883 -9999 -9999 -9999   255   180 
30  1800  -9999  6156 -9999 -9999 -9999   254   180 
30  1900  -9999  6430 -9999 -9999 -9999   246   185 
30  2000  -9999  6708 -9999 -9999 -9999   241   201 
30  2100  -9999  6985 -9999 -9999 -9999   241   221 
30  2200  -9999  7260 -9999 -9999 -9999   243   273 
30  2300  -9999  7554 -9999 -9999 -9999   248   308 
30  2400  -9999  7866 -9999 -9999 -9999   250   308 
30  2500  -9999  8159 -9999 -9999 -9999   250   303 
30  2600  -9999  8437 -9999 -9999 -9999   251   303 
30  2700  -9999  8716 -9999 -9999 -9999   251   298 
30  2800  -9999  8994 -9999 -9999 -9999   249   283 
30  2900  -9999  9271 -9999 -9999 -9999   241   268 
30  3000  -9999  9536 -9999 -9999 -9999   232   273 
30  3100  -9999  9794 -9999 -9999 -9999   235   288 
30  3200  -9999 10055 -9999 -9999 -9999   241   283 
30  3300  -9999 10321 -9999 -9999 -9999   249   226 
30  3400  -9999 10595 -9999 -9999 -9999   252   201 
30  3500  -9999 10869 -9999 -9999 -9999   251   211 
30  3600  -9999 11122 -9999 -9999 -9999   251   190 
30  3700  -9999 11375 -9999 -9999 -9999   248   185 
30  4000  -9999 12200 -9999 -9999 -9999   240   201 
30  4100  -9999 12440 -9999 -9999 -9999   240   221 
30  4200  -9999 12706 -9999 -9999 -9999   242   221 
30  4300  -9999 12997 -9999 -9999 -9999   248   170 
30  4400  -9999 13288 -9999 -9999 -9999   257   144 
30  4500  -9999 13569 -9999 -9999 -9999   262   159 
30  4600  -9999 13812 -9999 -9999 -9999   267   139 
30  4700  -9999 14054 -9999 -9999 -9999   267   139 
30  4800  -9999 14318 -9999 -9999 -9999   268   139 
30  4900  -9999 14612 -9999 -9999 -9999   266   144 
30  5000  -9999 14884 -9999 -9999 -9999   260   154 
30  5100  -9999 15135 -9999 -9999 -9999   253   154 
30  5200  -9999 15387 -9999 -9999 -9999   248   170 
30  5300  -9999 15665 -9999 -9999 -9999   249   185 
30  5400  -9999 15961 -9999 -9999 -9999   257   170 
30  5500  -9999 16241 -9999 -9999 -9999   264   165 
30  5600  -9999 16523 -9999 -9999 -9999   271   139 
30  5700  -9999 16810 -9999 -9999 -9999   277   113 
30  5800  -9999 17110 -9999 -9999 -9999   272   108 
30  5900  -9999 17422 -9999 -9999 -9999   268   113 
30  6000  -9999 17733 -9999 -9999 -9999   268   134 
30  6100  -9999 18036 -9999 -9999 -9999   267   165 
30  6200  -9999 18326 -9999 -9999 -9999   268   175 
30  6300  -9999 18644 -9999 -9999 -9999   272   154 
30  6400  -9999 18973 -9999 -9999 -9999   275   113 
30  6500  -9999 19327 -9999 -9999 -9999   281    72 
30  6600  -9999 19676 -9999 -9999 -9999   278    57 
30  6700  -9999 20025 -9999 -9999 -9999   281    45 
30  6800  -9999 20340 -9999 -9999 -9999   268    57 
30  6900  -9999 20662 -9999 -9999 -9999   264    67 
30  7000  -9999 20995 -9999 -9999 -9999   270    62 
30  7100  -9999 21328 -9999 -9999 -9999   269    81 
30  7200  -9999 21661 -9999 -9999 -9999   279    81 
30  7300  -9999 22018 -9999 -9999 -9999   288    72 
30  7400  -9999 22385 -9999 -9999 -9999   301    57 
30  7500  -9999 22750 -9999 -9999 -9999   304    50 
30  7600  -9999 23113 -9999 -9999 -9999   307    36 
30  7800  -9999 23792 -9999 -9999 -9999   313    45 
30  8000  -9999 24513 -9999 -9999 -9999   322    45 
30  8100  -9999 24881 -9999 -9999 -9999   318    50 
30  8200  -9999 25267 -9999 -9999 -9999   303    45 
30  8300  -9999 25653 -9999 -9999 -9999   288    67 
30  8400  -9999 26035 -9999 -9999 -9999   291    50 
30  8500  -9999 26426 -9999 -9999 -9999   288    45 
30  8600  -9999 26845 -9999 -9999 -9999   291    50 
30  8700  -9999 27265 -9999 -9999 -9999   297    40 
30  8800  -9999 27684 -9999 -9999 -9999   298    50 
%USM00072583 1993 01 17 12 1117  145 ncdc6301 ncdc6301  409019 -1178072
21     0  86389B 1311  -128B  810    26   300    21 
20     6  86109  1336B -130B  779    30 -9999 -9999 
20    12  85829  1361B -109B  914    12 -9999 -9999 
10    30  85000  1436B  -77B  930    10 -9999 -9999 
20   100  83569  1569B  -31B  925    11 -9999 -9999 
20   130  82109  1709B  -27B  828    25 -9999 -9999 
20   142  81559  1762B  -16B  492    93 -9999 -9999 
20   148  81300  1788B  -15B  414   115 -9999 -9999 
20   218  80000  1916B   -9B  349   136 -9999 -9999 
20   236  79200  1997B   -3B  332   144 -9999 -9999 
10   612  70000  2972B  -72B  327   138 -9999 -9999 
20   918  62759  3814B -126B  321   134 -9999 -9999 
20  1230  55609  4724B -203B  430    94 -9999 -9999 
20  1300  54389  4888B -216B  480    81 -9999 -9999 
20  1318  53770  4972B -221B  631    50 -9999 -9999 
20  1336  53200  5051B -230B  612    54 -9999 -9999 
20  1400  52470  5152B -233B  857    17 -9999 -9999 
10  1524  50000  5503B -257B  860    16 -9999 -9999 
20  1630  47959  5804B -280B  813    22 -9999 -9999 
20  1654  47219  5915B -288B  720    34 -9999 -9999 
20  1724  46300  6056B -298B  440    84 -9999 -9999 
20  1836  44050  6408B -332B  392    91   242   144 
20  1930  42459  6665B -352B  629    45   237   159 
10  2100  40000  7078B -389B  611    45   236   185 
20  2118  39419  7178B -399B  592    48   237   185 
20  2442  33179  8327B -512B-9999 -9999   240   195 
20  2606  31319  8700B -532B-9999 -9999   248   201 
20  2642  30600  8851B -515B-9999 -9999   248   216 
10  2712  30000  8980B -511B-9999 -9999   249   221 
20  2830  28639  9282B -504B-9999 -9999   253   221 
20  3024  26419  9804B -536B-9999 -9999   250   206 
10  3142  25000 10160B -536B-9999 -9999   244   211 
20  3206  24639 10253B -534B-9999 -9999   245   216 
20  3236  24129 10388B -511B-9999 -9999   248   211 
20  3300  23729 10497B -507B-9999 -9999   251   211 
20  3342  23100 10672B -510B-9999 -9999   251   195 
20  3424  22450 10858B -524B-9999 -9999   250   190 
20  3512  21779 11053B -527B-9999 -9999   250   180 
20  3630  20700 11383B -515B-9999 -9999   254   154 
10  3718  20000 11606B -522B-9999 -9999   245   134 
20  3742  19700 11703B -525B-9999 -9999   238   134 
20  3942  18089 12256B -510B-9999 -9999   246   154 
20  4100  17159 12599B -522B-9999 -9999   260   144 
20  4118  16959 12675B -515B-9999 -9999   263   139 
20  4236  16119 13003B -530B-9999 -9999   268   144 
10  4418  15000 13468B -525B-9999 -9999   257   170 
20  4442  14730 13586B -532B-9999 -9999   257   165 
20  4618  13780 14015B -532B-9999 -9999   247   134 
20  4724  13159 14311B -546B-9999 -9999   255   139 
20  4836  12519 14631B -535B-9999 -9999   263   149 
20  5048  11389 15234B -571B-9999 -9999   273   144 
10  5348  10000 16059B -565B-9999 -9999   265   144 
20  5442   9600 16318B -560B-9999 -9999   260   144 
20  5530   9240 16561B -566B-9999 -9999   256   144 
20  5606   8959 16757B -560B-9999 -9999   254   144 
20  5706   8519 17075B -586B-9999 -9999   252   154 
20  5806   8150 17354B -589B-9999 -9999   257   149 
20  5936   7629 17769B -570B-9999 -9999   264   129 
20  6054   7169 18161B -597B-9999 -9999   267   108 
10  6124   7000 18311B -592B-9999 -9999   269    98 
20  6654   5359 19976B -612B-9999 -9999   280    67 
10  6824   5000 20410B -584B-9999 -9999   303    50 
20  7048   4459 21126B -606B-9999 -9999   285    57 
20  7224   4129 21604B -605B-9999 -9999   273    62 
20  7342   3900 21963B -581B-9999 -9999   282    62 
20  7506   3650 22380B -591B-9999 -9999   295    57 
10  7906   3000 23612B -581B-9999 -9999   316    40 
20  8242   2510 24734B -587B-9999 -9999   281    45 
20  8412   2329 25204B -562B-9999 -9999   289    50 
20  8600   2129 25773B -574B-9999 -9999   318    40 
10  8718   2000 26172B -562B-9999 -9999   327    26 
20  9100   1669 27316B -569B-9999 -9999   293    50 
20  9218   1569 27709B -544B-9999 -9999   290    57 
20  9330   1479 28087B -551B-9999 -9999 -9999 -9999 
30  1800  -9999  6232 -9999 -9999 -9999   244   139 
30  1900  -9999  6522 -9999 -9999 -9999   240   149 
30  2000  -9999  6803 -9999 -9999 -9999   235   170 
30  2200  -9999  7415 -9999 -9999 -9999   238   185 
30  2300  -9999  7752 -9999 -9999 -9999   238   180 
30  2400  -9999  8090 -9999 -9999 -9999   236   190 
30  2500  -9999  8407 -9999 -9999 -9999   241   201 
30  2600  -9999  8673 -9999 -9999 -9999   248   201 
30  2700  -9999  8928 -9999 -9999 -9999   248   221 
30  2800  -9999  9166 -9999 -9999 -9999   251   226 
30  2900  -9999  9419 -9999 -9999 -9999   255   211 
30  3000  -9999  9694 -9999 -9999 -9999   253   206 
30  3100  -9999  9968 -9999 -9999 -9999   245   206 
30  3200  -9999 10230 -9999 -9999 -9999   244   216 
30  3400  -9999 10752 -9999 -9999 -9999   251   190 
30  3500  -9999 11004 -9999 -9999 -9999   249   185 
30  3600  -9999 11256 -9999 -9999 -9999   256   170 
30  3700  -9999 11522 -9999 -9999 -9999   251   134 
30  3800  -9999 11786 -9999 -9999 -9999   232   134 
30  3900  -9999 12062 -9999 -9999 -9999   235   149 
30  4000  -9999 12335 -9999 -9999 -9999   250   154 
30  4200  -9999 12852 -9999 -9999 -9999   269   134 
30  4300  -9999 13112 -9999 -9999 -9999   267   149 
30  4400  -9999 13386 -9999 -9999 -9999   258   175 
30  4500  -9999 13666 -9999 -9999 -9999   256   159 
30  4600  -9999 13935 -9999 -9999 -9999   245   129 
30  4700  -9999 14203 -9999 -9999 -9999   253   139 
30  4800  -9999 14471 -9999 -9999 -9999   258   144 
30  4900  -9999 14741 -9999 -9999 -9999   266   154 
30  5000  -9999 15015 -9999 -9999 -9999   274   154 
30  5100  -9999 15289 -9999 -9999 -9999   273   144 
30  5200  -9999 15564 -9999 -9999 -9999   273   139 
30  5300  -9999 15839 -9999 -9999 -9999   271   134 
30  5400  -9999 16117 -9999 -9999 -9999   263   144 
30  5500  -9999 16409 -9999 -9999 -9999   258   144 
30  5600  -9999 16724 -9999 -9999 -9999   254   144 
30  5700  -9999 17043 -9999 -9999 -9999   252   154 
30  5800  -9999 17326 -9999 -9999 -9999   256   149 
30  5900  -9999 17603 -9999 -9999 -9999   263   134 
30  6000  -9999 17890 -9999 -9999 -9999   265   123 
30  6100  -9999 18191 -9999 -9999 -9999   267   108 
30  6200  -9999 18493 -9999 -9999 -9999   272    86 
30  6300  -9999 18795 -9999 -9999 -9999   269    81 
30  6400  -9999 19098 -9999 -9999 -9999   266    93 
30  6500  -9999 19401 -9999 -9999 -9999   272    93 
30  6600  -9999 19704 -9999 -9999 -9999   272    86 
30  6700  -9999 20005 -9999 -9999 -9999   281    67 
30  6800  -9999 20294 -9999 -9999 -9999   300    57 
30  6900  -9999 20589 -9999 -9999 -9999   307    45 
30  7000  -9999 20887 -9999 -9999 -9999   306    45 
30  7100  -9999 21186 -9999 -9999 -9999   280    57 
30  7200  -9999 21485 -9999 -9999 -9999   271    62 
30  7300  -9999 21770 -9999 -9999 -9999   276    57 
30  7400  -9999 22052 -9999 -9999 -9999   285    62 
30  7500  -9999 22350 -9999 -9999 -9999   295    57 
30  7600  -9999 22657 -9999 -9999 -9999   300    57 
30  7700  -9999 22965 -9999 -9999 -9999   301    57 
30  7800  -9999 23273 -9999 -9999 -9999   305    40 
30  7900  -9999 23581 -9999 -9999 -9999   315    40 
30  8000  -9999 23892 -9999 -9999 -9999   323    40 
30  8100  -9999 24204 -9999 -9999 -9999   300    31 
30  8200  -9999 24516 -9999 -9999 -9999   283    40 
30  8300  -9999 24828 -9999 -9999 -9999   280    50 
30  8400  -9999 25141 -9999 -9999 -9999   285    50 
30  8500  -9999 25457 -9999 -9999 -9999   306    45 
30  8700  -9999 26080 -9999 -9999 -9999   329    26 
30  8800  -9999 26388 -9999 -9999 -9999   321    21 
30  8900  -9999 26698 -9999 -9999 -9999   300    31 
30  9000  -9999 27007 -9999 -9999 -9999   295    40 
30  9200  -9999 27618 -9999 -9999 -9999   290    57 
30  9300  -9999 27930 -9999 -9999 -9999   291    57